19033    67    23    10
19034    13    24    63
19040    43    33    24
19039    23    30    47
19045    77    14    9
19051    72    19    9
19046    27    32    41
19052    58    26    16
19058    18    29    53
19063    66    21    13
19057    66    22    12
19064    43    32    25
19069    79    15    6
19070    10    22    68
19076    51    29    20
19075    38    32    30
19035    48    29    23
19041    56    27    17
19036    79    14    7
19042    6    15    79
19048    47    29    24
19047    54    29    17
19053    46    30    24
19059    78    16    6
19054    32    31    37
19060    35    32    33
19071    70    20    10
19066    17    27    56
19065    62    22    16
19072    79    16    5
19078    29    31    40
19077    28    29    43
19037    35    32    33
19038    20    28    52
19044    70    20    10
19043    16    25    59
19050    31    27    42
19049    18    36    46
19055    16    21    63
19056    28    28    44
19068    42    29    29
19067    6    13    81
19062    61    26    13
19061    13    21    66
19080    20    26    54
19079    34    31    35
19074    22    26    52
19073    39    33    28
20221    40    31    29
20222    33    33    34
20223    60    24    16
20224    50    29    21
20225    65    22    13
20227    69    20    11
20226    30    32    38
20228    25    30    45
20229    24    30    46
20231    46    28    26
20232    19    30    51
20230    23    30    47
20233    38    30    32
20234    27    32    41
20235    44    25    31
20236    44    31    25
